%YAML:1.0
---
camera_matrix: !!opencv-matrix
   rows: 3
   cols: 3
   dt: d
   data: [ 640.176392, 0., 633.434692, 0.,
       638.378967, 400.773804, 0., 0., 1. ]
distortion_coefficients: !!opencv-matrix
   rows: 1
   cols: 5
   dt: d
   data: [ -0.055755, 0.060900, 0.000155, -0.000262, -0.019587]